4294967279,111
4294967279,110
4294967279,109
4294967279,117
4294967279,116
4294967279,115
4294967279,114
4294967279,113
4294967279,112
4294967278,299
4294967279,295
4294967278,170
4294967278,298
4294967279,294
4294967278,168
4294967279,128
4294967279,127
4294967279,126
4294967279,125
4294967279,124
4294967279,123
4294967279,122
4294967279,121
4294967279,120
4294967279,119
4294967279,118
4294967278,297
4294967279,293
4294967278,166
4294967278,161
6,6
4294967278,160
6,5
6,4
4294967278,159
6,3
6,2
6,1
4294967278,296
4294967294,392
4294967294,46
4294967294,389
4294967294,115
4294967294,2
4294967294,187
4294967294,83
4294967278,158
4294967279,292
4294967278,295
4294967278,156
4294967278,294
4294967279,132
4294967279,131
4294967279,130
4294967279,129
4294967279,291
4294967278,293
4294967279,290
4294967278,154
4294967278,7
4294967278,6
4294967278,5
4294967278,4
4294967279,289
4294967278,14
4294967278,13
4294967278,12
4294967278,11
4294967278,10
4294967278,9
4294967278,8
4294967278,292
4294967279,288
4294967278,152
4294967294,398
4294967294,384
4294967294,400
4294967294,190
4294967294,388
4294967294,406
4294967294,401
4294967278,151
4294967278,150
4294967278,25
4294967278,24
4294967278,23
4294967278,22
4294967278,21
4294967278,20
4294967278,19
4294967278,18
4294967278,17
4294967278,16
4294967278,15
4294967278,149
4294967278,148
5,6
5,5
4294967278,147
5,4
5,3
5,2
5,1
4294967279,287
4294967278,146
4294967278,291
4294967279,286
4294967279,285
4294967278,290
4294967279,284
4294967278,139
4294967278,289
4294967278,138
4294967278,36
4294967278,35
4294967278,34
4294967278,33
4294967278,32
4294967278,31
4294967278,30
4294967278,29
4294967278,28
4294967278,27
4294967278,26
4294967279,134
4294967279,133
4294967279,271
4,6
4,5
4294967279,270
4,4
4294967278,288
4,3
4,2
4,1
4294967279,283
4294967278,287
4294967294,30
4294967294,104
4294967294,164
4294967294,163
4294967294,422
4294967294,425
4294967294,41
4294967294,120
4294967294,394
4294967294,451
4294967294,453
4294967294,444
4294967294,421
4294967294,898
4294967294,97
4294967294,18
4294967294,20
4294967294,13
4294967279,22
4294967279,20
4294967279,266
4294967279,17
4294967279,278
4294967279,15
4294967279,14
4294967279,13
4294967279,12
4294967279,10
4294967294,468
4294967294,903
4294967294,0
4294967294,390
4294967294,107
4294967294,92
4294967294,90
4294967294,87
4294967294,86
4294967294,419
4294967294,949
4294967294,437
4294967294,427
4294967294,44
4294967294,43
4294967278,286
4294967278,260
4294967278,0
4294967279,282
4294967294,22
4294967294,99
4294967294,76
4294967294,52
4294967294,946
4294967294,61
4294967294,81
4294967294,11
4294967294,417
4294967294,84
4294967294,970
4294967294,82
3,4
4294967279,264
3,3
3,2
3,1
4294967279,262
4294967279,276
4294967294,7
4294967294,6
4294967279,273
4294967279,260
4294967279,0
4294967294,9
4294967294,8
4294967278,132
4294967278,131
4294967278,130
4294967278,129
4294967278,128
4294967278,127
4294967278,126
4294967278,125
4294967278,124
4294967278,123
4294967278,122
4294967278,121
4294967278,120
4294967278,119
4294967278,118
4294967278,117
4294967278,116
4294967278,115
4294967278,114
4294967278,113
4294967278,112
4294967278,111
4294967278,110
4294967278,109
4294967278,108
4294967278,107
4294967278,106
4294967278,105
4294967278,104
4294967278,103
4294967278,102
4294967278,101
4294967278,100
4294967278,99
4294967278,98
4294967278,97
4294967278,96
4294967278,95
4294967278,94
4294967278,93
4294967278,92
4294967278,91
4294967278,90
4294967278,89
4294967278,87
4294967278,86
4294967278,85
4294967278,84
4294967278,83
4294967278,82
4294967278,81
4294967278,80
4294967278,79
4294967278,78
4294967278,77
4294967278,76
4294967278,75
4294967278,74
4294967278,73
4294967278,72
4294967278,71
4294967278,70
4294967278,69
